kinematics:
  shoulder:
    x: 0
    y: 0
    z: 0.16256658370137256
    roll: -0
    pitch: 0
    yaw: 3.2102974639736104e-08
  upper_arm:
    x: 0.00016779508073260372
    y: 0
    z: 0
    roll: 1.5707600352060946
    pitch: 0
    yaw: 2.8929135205364584e-06
  forearm:
    x: -0.42548759074733006
    y: 0
    z: 0
    roll: 4.8722594603360613e-05
    pitch: 0.0020635202882253868
    yaw: -1.3287093333136965e-06
  wrist_1:
    x: -0.39250442463526403
    y: -8.9754708994893334e-05
    z: 0.13360429434769094
    roll: 0.00067179498930596731
    pitch: -0.00043091502548745213
    yaw: 1.3620004269261121e-06
  wrist_2:
    x: -8.8828775703309851e-05
    y: -0.099839331883130975
    z: 6.8561269439570708e-05
    roll: 1.5701096108747372
    pitch: 0
    yaw: -4.6809681825132898e-08
  wrist_3:
    x: 1.6900043656076523e-05
    y: 0.099545021645939577
    z: 6.9439850633319984e-06
    roll: 1.5708660840257178
    pitch: 3.1415926535897931
    yaw: -3.1415926034035087
  hash: calib_13181611751951401789